35
21

00000 00000 00000 00000 00000 00000 00000 
00000 00000 00000 00000 00000 00000 00000 
00000 00000 00000 00000 00000 00000 00000 
00000 00000 00000 00000 00000 00000 00000 
00000 00000 00000 00000 00000 00000 00000 

00000 00000 000000000000000 00000 00000 
00000 00000 000000000000000 00000 00000 
00000 00000 000011111110000 00000 00000 
00000 00000 001111111111100 00000 00000 
00000 00000 011100111001110 00000 00000 
00000 00000 011111111111110 00000 00000 
00000 00000 011111101111110 00000 00000 
00000 00000 001111000111100 00000 00000 
00000 00000 000111111111000 00000 00000 
00000 00000 000010101010000 00000 00000 

00000 00000 00000 00000 00000 00000 00000 
00000 00000 00000 00000 00000 00000 00000 
00000 00000 00000 00000 00000 00000 00000 
00000 00000 00000 00000 00000 00000 00000 
00000 00000 00000 00000 00000 00000 00000 

00000 00000 00000 00000 00000 00000 00000 